examples/Mary_reproducing_Busato/49_2016_04_28_a_TREE/preprocessor/dtm_Ws1_sf_1
north:     0
south:           0.00000000
east:      0
west:            0.00000000
rows:     50
cols:     11
   0.338895410299E+00   0.400233000517E+00   0.441138327122E+00   0.472672224045E+00   0.498676031828E+00   0.602559506893E+00   0.498676031828E+00   0.472672224045E+00   0.441138327122E+00   0.400233000517E+00   0.338895410299E+00
   0.337256193161E+00   0.337256193161E+00   0.337256193161E+00   0.337256193161E+00   0.337256193161E+00   0.337256193161E+00   0.337256193161E+00   0.337256193161E+00   0.337256193161E+00   0.337256193161E+00   0.337256193161E+00
   0.335591375828E+00   0.335591375828E+00   0.335591375828E+00   0.335591375828E+00   0.335591375828E+00   0.335591375828E+00   0.335591375828E+00   0.335591375828E+00   0.335591375828E+00   0.335591375828E+00   0.335591375828E+00
   0.333899974823E+00   0.333899974823E+00   0.333899974823E+00   0.333899974823E+00   0.333899974823E+00   0.333899974823E+00   0.333899974823E+00   0.333899974823E+00   0.333899974823E+00   0.333899974823E+00   0.333899974823E+00
   0.332180976868E+00   0.332180976868E+00   0.332180976868E+00   0.332180976868E+00   0.332180976868E+00   0.332180976868E+00   0.332180976868E+00   0.332180976868E+00   0.332180976868E+00   0.332180976868E+00   0.332180976868E+00
   0.330433368683E+00   0.330433368683E+00   0.330433368683E+00   0.330433368683E+00   0.330433368683E+00   0.330433368683E+00   0.330433368683E+00   0.330433368683E+00   0.330433368683E+00   0.330433368683E+00   0.330433368683E+00
   0.328655958176E+00   0.328655958176E+00   0.328655958176E+00   0.328655958176E+00   0.328655958176E+00   0.328655958176E+00   0.328655958176E+00   0.328655958176E+00   0.328655958176E+00   0.328655958176E+00   0.328655958176E+00
   0.326847612858E+00   0.326847612858E+00   0.326847612858E+00   0.326847612858E+00   0.326847612858E+00   0.326847612858E+00   0.326847612858E+00   0.326847612858E+00   0.326847612858E+00   0.326847612858E+00   0.326847612858E+00
   0.325006991625E+00   0.325006991625E+00   0.325006991625E+00   0.325006991625E+00   0.325006991625E+00   0.325006991625E+00   0.325006991625E+00   0.325006991625E+00   0.325006991625E+00   0.325006991625E+00   0.325006991625E+00
   0.323132783175E+00   0.323132783175E+00   0.323132783175E+00   0.323132783175E+00   0.323132783175E+00   0.323132783175E+00   0.323132783175E+00   0.323132783175E+00   0.323132783175E+00   0.323132783175E+00   0.323132783175E+00
   0.321223467588E+00   0.321223467588E+00   0.321223467588E+00   0.321223467588E+00   0.321223467588E+00   0.321223467588E+00   0.321223467588E+00   0.321223467588E+00   0.321223467588E+00   0.321223467588E+00   0.321223467588E+00
   0.319277554750E+00   0.319277554750E+00   0.319277554750E+00   0.319277554750E+00   0.319277554750E+00   0.319277554750E+00   0.319277554750E+00   0.319277554750E+00   0.319277554750E+00   0.319277554750E+00   0.319277554750E+00
   0.317293345928E+00   0.317293345928E+00   0.317293345928E+00   0.317293345928E+00   0.317293345928E+00   0.317293345928E+00   0.317293345928E+00   0.317293345928E+00   0.317293345928E+00   0.317293345928E+00   0.317293345928E+00
   0.315269023180E+00   0.315269023180E+00   0.315269023180E+00   0.315269023180E+00   0.315269023180E+00   0.315269023180E+00   0.315269023180E+00   0.315269023180E+00   0.315269023180E+00   0.315269023180E+00   0.315269023180E+00
   0.313202679157E+00   0.313202679157E+00   0.313202679157E+00   0.313202679157E+00   0.313202679157E+00   0.313202679157E+00   0.313202679157E+00   0.313202679157E+00   0.313202679157E+00   0.313202679157E+00   0.313202679157E+00
   0.311092257500E+00   0.311092257500E+00   0.311092257500E+00   0.311092257500E+00   0.311092257500E+00   0.311092257500E+00   0.311092257500E+00   0.311092257500E+00   0.311092257500E+00   0.311092257500E+00   0.311092257500E+00
   0.308935493231E+00   0.308935493231E+00   0.308935493231E+00   0.308935493231E+00   0.308935493231E+00   0.308935493231E+00   0.308935493231E+00   0.308935493231E+00   0.308935493231E+00   0.308935493231E+00   0.308935493231E+00
   0.306729972363E+00   0.306729972363E+00   0.306729972363E+00   0.306729972363E+00   0.306729972363E+00   0.306729972363E+00   0.306729972363E+00   0.306729972363E+00   0.306729972363E+00   0.306729972363E+00   0.306729972363E+00
   0.304473072290E+00   0.304473072290E+00   0.304473072290E+00   0.304473072290E+00   0.304473072290E+00   0.304473072290E+00   0.304473072290E+00   0.304473072290E+00   0.304473072290E+00   0.304473072290E+00   0.304473072290E+00
   0.302161902189E+00   0.302161902189E+00   0.302161902189E+00   0.302161902189E+00   0.302161902189E+00   0.302161902189E+00   0.302161902189E+00   0.302161902189E+00   0.302161902189E+00   0.302161902189E+00   0.302161902189E+00
   0.299793332815E+00   0.299793332815E+00   0.299793332815E+00   0.299793332815E+00   0.299793332815E+00   0.299793332815E+00   0.299793332815E+00   0.299793332815E+00   0.299793332815E+00   0.299793332815E+00   0.299793332815E+00
   0.297363996506E+00   0.297363996506E+00   0.297363996506E+00   0.297363996506E+00   0.297363996506E+00   0.297363996506E+00   0.297363996506E+00   0.297363996506E+00   0.297363996506E+00   0.297363996506E+00   0.297363996506E+00
   0.294870138168E+00   0.294870138168E+00   0.294870138168E+00   0.294870138168E+00   0.294870138168E+00   0.294870138168E+00   0.294870138168E+00   0.294870138168E+00   0.294870138168E+00   0.294870138168E+00   0.294870138168E+00
   0.292307645082E+00   0.292307645082E+00   0.292307645082E+00   0.292307645082E+00   0.292307645082E+00   0.292307645082E+00   0.292307645082E+00   0.292307645082E+00   0.292307645082E+00   0.292307645082E+00   0.292307645082E+00
   0.289671987295E+00   0.289671987295E+00   0.289671987295E+00   0.289671987295E+00   0.289671987295E+00   0.289671987295E+00   0.289671987295E+00   0.289671987295E+00   0.289671987295E+00   0.289671987295E+00   0.289671987295E+00
   0.286958098412E+00   0.286958098412E+00   0.286958098412E+00   0.286958098412E+00   0.286958098412E+00   0.286958098412E+00   0.286958098412E+00   0.286958098412E+00   0.286958098412E+00   0.286958098412E+00   0.286958098412E+00
   0.284160405397E+00   0.284160405397E+00   0.284160405397E+00   0.284160405397E+00   0.284160405397E+00   0.284160405397E+00   0.284160405397E+00   0.284160405397E+00   0.284160405397E+00   0.284160405397E+00   0.284160405397E+00
   0.281272679567E+00   0.281272679567E+00   0.281272679567E+00   0.281272679567E+00   0.281272679567E+00   0.281272679567E+00   0.281272679567E+00   0.281272679567E+00   0.281272679567E+00   0.281272679567E+00   0.281272679567E+00
   0.278287917376E+00   0.278287917376E+00   0.278287917376E+00   0.278287917376E+00   0.278287917376E+00   0.278287917376E+00   0.278287917376E+00   0.278287917376E+00   0.278287917376E+00   0.278287917376E+00   0.278287917376E+00
   0.275198161602E+00   0.275198161602E+00   0.275198161602E+00   0.275198161602E+00   0.275198161602E+00   0.275198161602E+00   0.275198161602E+00   0.275198161602E+00   0.275198161602E+00   0.275198161602E+00   0.275198161602E+00
   0.271994471550E+00   0.271994471550E+00   0.271994471550E+00   0.271994471550E+00   0.271994471550E+00   0.271994471550E+00   0.271994471550E+00   0.271994471550E+00   0.271994471550E+00   0.271994471550E+00   0.271994471550E+00
   0.268666654825E+00   0.268666654825E+00   0.268666654825E+00   0.268666654825E+00   0.268666654825E+00   0.268666654825E+00   0.268666654825E+00   0.268666654825E+00   0.268666654825E+00   0.268666654825E+00   0.268666654825E+00
   0.265202909708E+00   0.265202909708E+00   0.265202909708E+00   0.265202909708E+00   0.265202909708E+00   0.265202909708E+00   0.265202909708E+00   0.265202909708E+00   0.265202909708E+00   0.265202909708E+00   0.265202909708E+00
   0.261589676142E+00   0.261589676142E+00   0.261589676142E+00   0.261589676142E+00   0.261589676142E+00   0.261589676142E+00   0.261589676142E+00   0.261589676142E+00   0.261589676142E+00   0.261589676142E+00   0.261589676142E+00
   0.257811129093E+00   0.257811129093E+00   0.257811129093E+00   0.257811129093E+00   0.257811129093E+00   0.257811129093E+00   0.257811129093E+00   0.257811129093E+00   0.257811129093E+00   0.257811129093E+00   0.257811129093E+00
   0.253848612309E+00   0.253848612309E+00   0.253848612309E+00   0.253848612309E+00   0.253848612309E+00   0.253848612309E+00   0.253848612309E+00   0.253848612309E+00   0.253848612309E+00   0.253848612309E+00   0.253848612309E+00
   0.249679923058E+00   0.249679923058E+00   0.249679923058E+00   0.249679923058E+00   0.249679923058E+00   0.249679923058E+00   0.249679923058E+00   0.249679923058E+00   0.249679923058E+00   0.249679923058E+00   0.249679923058E+00
   0.245278388262E+00   0.245278388262E+00   0.245278388262E+00   0.245278388262E+00   0.245278388262E+00   0.245278388262E+00   0.245278388262E+00   0.245278388262E+00   0.245278388262E+00   0.245278388262E+00   0.245278388262E+00
   0.240611493587E+00   0.240611493587E+00   0.240611493587E+00   0.240611493587E+00   0.240611493587E+00   0.240611493587E+00   0.240611493587E+00   0.240611493587E+00   0.240611493587E+00   0.240611493587E+00   0.240611493587E+00
   0.235638976097E+00   0.235638976097E+00   0.235638976097E+00   0.235638976097E+00   0.235638976097E+00   0.235638976097E+00   0.235638976097E+00   0.235638976097E+00   0.235638976097E+00   0.235638976097E+00   0.235638976097E+00
   0.230310052633E+00   0.230310052633E+00   0.230310052633E+00   0.230310052633E+00   0.230310052633E+00   0.230310052633E+00   0.230310052633E+00   0.230310052633E+00   0.230310052633E+00   0.230310052633E+00   0.230310052633E+00
   0.224559322000E+00   0.224559322000E+00   0.224559322000E+00   0.224559322000E+00   0.224559322000E+00   0.224559322000E+00   0.224559322000E+00   0.224559322000E+00   0.224559322000E+00   0.224559322000E+00   0.224559322000E+00
   0.218300372362E+00   0.218300372362E+00   0.218300372362E+00   0.218300372362E+00   0.218300372362E+00   0.218300372362E+00   0.218300372362E+00   0.218300372362E+00   0.218300372362E+00   0.218300372362E+00   0.218300372362E+00
   0.211415290833E+00   0.211415290833E+00   0.211415290833E+00   0.211415290833E+00   0.211415290833E+00   0.211415290833E+00   0.211415290833E+00   0.211415290833E+00   0.211415290833E+00   0.211415290833E+00   0.211415290833E+00
   0.203736662865E+00   0.203736662865E+00   0.203736662865E+00   0.203736662865E+00   0.203736662865E+00   0.203736662865E+00   0.203736662865E+00   0.203736662865E+00   0.203736662865E+00   0.203736662865E+00   0.203736662865E+00
   0.195013955235E+00   0.195013955235E+00   0.195013955235E+00   0.195013955235E+00   0.195013955235E+00   0.195013955235E+00   0.195013955235E+00   0.195013955235E+00   0.195013955235E+00   0.195013955235E+00   0.195013955235E+00
   0.184844821692E+00   0.184844821692E+00   0.184844821692E+00   0.184844821692E+00   0.184844821692E+00   0.184844821692E+00   0.184844821692E+00   0.184844821692E+00   0.184844821692E+00   0.184844821692E+00   0.184844821692E+00
   0.172513052821E+00   0.172513052821E+00   0.172513052821E+00   0.172513052821E+00   0.172513052821E+00   0.172513052821E+00   0.172513052821E+00   0.172513052821E+00   0.172513052821E+00   0.172513052821E+00   0.172513052821E+00
   0.156516477466E+00   0.156516477466E+00   0.156516477466E+00   0.156516477466E+00   0.156516477466E+00   0.156516477466E+00   0.156516477466E+00   0.156516477466E+00   0.156516477466E+00   0.156516477466E+00   0.156516477466E+00
   0.132529601455E+00   0.132529601455E+00   0.132529601455E+00   0.132529601455E+00   0.132529601455E+00   0.132529601455E+00   0.132529601455E+00   0.132529601455E+00   0.132529601455E+00   0.132529601455E+00   0.132529601455E+00
