examples/Mary_reproducing_Gabriele/CATHY_PLANT_1D/preprocessor/dem
north:     0
south:           0.00000000
east:      0
west:            0.00000000
rows:     50
cols:     11
   0.150000000000E-03   0.140000000000E-03   0.130000000000E-03   0.120000000000E-03   0.110000000000E-03   0.100000000000E-03   0.110000000000E-03   0.120000000000E-03   0.130000000000E-03   0.140000000000E-03   0.150000000000E-03
   0.500000000000E-03   0.500000000000E-03   0.500000000000E-03   0.500000000000E-03   0.500000000000E-03   0.500000000000E-03   0.500000000000E-03   0.500000000000E-03   0.500000000000E-03   0.500000000000E-03   0.500000000000E-03
   0.100000000000E-02   0.100000000000E-02   0.100000000000E-02   0.100000000000E-02   0.100000000000E-02   0.100000000000E-02   0.100000000000E-02   0.100000000000E-02   0.100000000000E-02   0.100000000000E-02   0.100000000000E-02
   0.150000000000E-02   0.150000000000E-02   0.150000000000E-02   0.150000000000E-02   0.150000000000E-02   0.150000000000E-02   0.150000000000E-02   0.150000000000E-02   0.150000000000E-02   0.150000000000E-02   0.150000000000E-02
   0.200000000000E-02   0.200000000000E-02   0.200000000000E-02   0.200000000000E-02   0.200000000000E-02   0.200000000000E-02   0.200000000000E-02   0.200000000000E-02   0.200000000000E-02   0.200000000000E-02   0.200000000000E-02
   0.250000000000E-02   0.250000000000E-02   0.250000000000E-02   0.250000000000E-02   0.250000000000E-02   0.250000000000E-02   0.250000000000E-02   0.250000000000E-02   0.250000000000E-02   0.250000000000E-02   0.250000000000E-02
   0.300000000000E-02   0.300000000000E-02   0.300000000000E-02   0.300000000000E-02   0.300000000000E-02   0.300000000000E-02   0.300000000000E-02   0.300000000000E-02   0.300000000000E-02   0.300000000000E-02   0.300000000000E-02
   0.350000000000E-02   0.350000000000E-02   0.350000000000E-02   0.350000000000E-02   0.350000000000E-02   0.350000000000E-02   0.350000000000E-02   0.350000000000E-02   0.350000000000E-02   0.350000000000E-02   0.350000000000E-02
   0.400000000000E-02   0.400000000000E-02   0.400000000000E-02   0.400000000000E-02   0.400000000000E-02   0.400000000000E-02   0.400000000000E-02   0.400000000000E-02   0.400000000000E-02   0.400000000000E-02   0.400000000000E-02
   0.450000000000E-02   0.450000000000E-02   0.450000000000E-02   0.450000000000E-02   0.450000000000E-02   0.450000000000E-02   0.450000000000E-02   0.450000000000E-02   0.450000000000E-02   0.450000000000E-02   0.450000000000E-02
   0.500000000000E-02   0.500000000000E-02   0.500000000000E-02   0.500000000000E-02   0.500000000000E-02   0.500000000000E-02   0.500000000000E-02   0.500000000000E-02   0.500000000000E-02   0.500000000000E-02   0.500000000000E-02
   0.550000000000E-02   0.550000000000E-02   0.550000000000E-02   0.550000000000E-02   0.550000000000E-02   0.550000000000E-02   0.550000000000E-02   0.550000000000E-02   0.550000000000E-02   0.550000000000E-02   0.550000000000E-02
   0.600000000000E-02   0.600000000000E-02   0.600000000000E-02   0.600000000000E-02   0.600000000000E-02   0.600000000000E-02   0.600000000000E-02   0.600000000000E-02   0.600000000000E-02   0.600000000000E-02   0.600000000000E-02
   0.650000000000E-02   0.650000000000E-02   0.650000000000E-02   0.650000000000E-02   0.650000000000E-02   0.650000000000E-02   0.650000000000E-02   0.650000000000E-02   0.650000000000E-02   0.650000000000E-02   0.650000000000E-02
   0.700000000000E-02   0.700000000000E-02   0.700000000000E-02   0.700000000000E-02   0.700000000000E-02   0.700000000000E-02   0.700000000000E-02   0.700000000000E-02   0.700000000000E-02   0.700000000000E-02   0.700000000000E-02
   0.750000000000E-02   0.750000000000E-02   0.750000000000E-02   0.750000000000E-02   0.750000000000E-02   0.750000000000E-02   0.750000000000E-02   0.750000000000E-02   0.750000000000E-02   0.750000000000E-02   0.750000000000E-02
   0.800000000000E-02   0.800000000000E-02   0.800000000000E-02   0.800000000000E-02   0.800000000000E-02   0.800000000000E-02   0.800000000000E-02   0.800000000000E-02   0.800000000000E-02   0.800000000000E-02   0.800000000000E-02
   0.850000000000E-02   0.850000000000E-02   0.850000000000E-02   0.850000000000E-02   0.850000000000E-02   0.850000000000E-02   0.850000000000E-02   0.850000000000E-02   0.850000000000E-02   0.850000000000E-02   0.850000000000E-02
   0.900000000000E-02   0.900000000000E-02   0.900000000000E-02   0.900000000000E-02   0.900000000000E-02   0.900000000000E-02   0.900000000000E-02   0.900000000000E-02   0.900000000000E-02   0.900000000000E-02   0.900000000000E-02
   0.950000000000E-02   0.950000000000E-02   0.950000000000E-02   0.950000000000E-02   0.950000000000E-02   0.950000000000E-02   0.950000000000E-02   0.950000000000E-02   0.950000000000E-02   0.950000000000E-02   0.950000000000E-02
   0.100000000000E-01   0.100000000000E-01   0.100000000000E-01   0.100000000000E-01   0.100000000000E-01   0.100000000000E-01   0.100000000000E-01   0.100000000000E-01   0.100000000000E-01   0.100000000000E-01   0.100000000000E-01
   0.105000000000E-01   0.105000000000E-01   0.105000000000E-01   0.105000000000E-01   0.105000000000E-01   0.105000000000E-01   0.105000000000E-01   0.105000000000E-01   0.105000000000E-01   0.105000000000E-01   0.105000000000E-01
   0.110000000000E-01   0.110000000000E-01   0.110000000000E-01   0.110000000000E-01   0.110000000000E-01   0.110000000000E-01   0.110000000000E-01   0.110000000000E-01   0.110000000000E-01   0.110000000000E-01   0.110000000000E-01
   0.115000000000E-01   0.115000000000E-01   0.115000000000E-01   0.115000000000E-01   0.115000000000E-01   0.115000000000E-01   0.115000000000E-01   0.115000000000E-01   0.115000000000E-01   0.115000000000E-01   0.115000000000E-01
   0.120000000000E-01   0.120000000000E-01   0.120000000000E-01   0.120000000000E-01   0.120000000000E-01   0.120000000000E-01   0.120000000000E-01   0.120000000000E-01   0.120000000000E-01   0.120000000000E-01   0.120000000000E-01
   0.125000000000E-01   0.125000000000E-01   0.125000000000E-01   0.125000000000E-01   0.125000000000E-01   0.125000000000E-01   0.125000000000E-01   0.125000000000E-01   0.125000000000E-01   0.125000000000E-01   0.125000000000E-01
   0.130000000000E-01   0.130000000000E-01   0.130000000000E-01   0.130000000000E-01   0.130000000000E-01   0.130000000000E-01   0.130000000000E-01   0.130000000000E-01   0.130000000000E-01   0.130000000000E-01   0.130000000000E-01
   0.135000000000E-01   0.135000000000E-01   0.135000000000E-01   0.135000000000E-01   0.135000000000E-01   0.135000000000E-01   0.135000000000E-01   0.135000000000E-01   0.135000000000E-01   0.135000000000E-01   0.135000000000E-01
   0.140000000000E-01   0.140000000000E-01   0.140000000000E-01   0.140000000000E-01   0.140000000000E-01   0.140000000000E-01   0.140000000000E-01   0.140000000000E-01   0.140000000000E-01   0.140000000000E-01   0.140000000000E-01
   0.145000000000E-01   0.145000000000E-01   0.145000000000E-01   0.145000000000E-01   0.145000000000E-01   0.145000000000E-01   0.145000000000E-01   0.145000000000E-01   0.145000000000E-01   0.145000000000E-01   0.145000000000E-01
   0.150000000000E-01   0.150000000000E-01   0.150000000000E-01   0.150000000000E-01   0.150000000000E-01   0.150000000000E-01   0.150000000000E-01   0.150000000000E-01   0.150000000000E-01   0.150000000000E-01   0.150000000000E-01
   0.155000000000E-01   0.155000000000E-01   0.155000000000E-01   0.155000000000E-01   0.155000000000E-01   0.155000000000E-01   0.155000000000E-01   0.155000000000E-01   0.155000000000E-01   0.155000000000E-01   0.155000000000E-01
   0.160000000000E-01   0.160000000000E-01   0.160000000000E-01   0.160000000000E-01   0.160000000000E-01   0.160000000000E-01   0.160000000000E-01   0.160000000000E-01   0.160000000000E-01   0.160000000000E-01   0.160000000000E-01
   0.165000000000E-01   0.165000000000E-01   0.165000000000E-01   0.165000000000E-01   0.165000000000E-01   0.165000000000E-01   0.165000000000E-01   0.165000000000E-01   0.165000000000E-01   0.165000000000E-01   0.165000000000E-01
   0.170000000000E-01   0.170000000000E-01   0.170000000000E-01   0.170000000000E-01   0.170000000000E-01   0.170000000000E-01   0.170000000000E-01   0.170000000000E-01   0.170000000000E-01   0.170000000000E-01   0.170000000000E-01
   0.175000000000E-01   0.175000000000E-01   0.175000000000E-01   0.175000000000E-01   0.175000000000E-01   0.175000000000E-01   0.175000000000E-01   0.175000000000E-01   0.175000000000E-01   0.175000000000E-01   0.175000000000E-01
   0.180000000000E-01   0.180000000000E-01   0.180000000000E-01   0.180000000000E-01   0.180000000000E-01   0.180000000000E-01   0.180000000000E-01   0.180000000000E-01   0.180000000000E-01   0.180000000000E-01   0.180000000000E-01
   0.185000000000E-01   0.185000000000E-01   0.185000000000E-01   0.185000000000E-01   0.185000000000E-01   0.185000000000E-01   0.185000000000E-01   0.185000000000E-01   0.185000000000E-01   0.185000000000E-01   0.185000000000E-01
   0.190000000000E-01   0.190000000000E-01   0.190000000000E-01   0.190000000000E-01   0.190000000000E-01   0.190000000000E-01   0.190000000000E-01   0.190000000000E-01   0.190000000000E-01   0.190000000000E-01   0.190000000000E-01
   0.195000000000E-01   0.195000000000E-01   0.195000000000E-01   0.195000000000E-01   0.195000000000E-01   0.195000000000E-01   0.195000000000E-01   0.195000000000E-01   0.195000000000E-01   0.195000000000E-01   0.195000000000E-01
   0.200000000000E-01   0.200000000000E-01   0.200000000000E-01   0.200000000000E-01   0.200000000000E-01   0.200000000000E-01   0.200000000000E-01   0.200000000000E-01   0.200000000000E-01   0.200000000000E-01   0.200000000000E-01
   0.205000000000E-01   0.205000000000E-01   0.205000000000E-01   0.205000000000E-01   0.205000000000E-01   0.205000000000E-01   0.205000000000E-01   0.205000000000E-01   0.205000000000E-01   0.205000000000E-01   0.205000000000E-01
   0.210000000000E-01   0.210000000000E-01   0.210000000000E-01   0.210000000000E-01   0.210000000000E-01   0.210000000000E-01   0.210000000000E-01   0.210000000000E-01   0.210000000000E-01   0.210000000000E-01   0.210000000000E-01
   0.215000000000E-01   0.215000000000E-01   0.215000000000E-01   0.215000000000E-01   0.215000000000E-01   0.215000000000E-01   0.215000000000E-01   0.215000000000E-01   0.215000000000E-01   0.215000000000E-01   0.215000000000E-01
   0.220000000000E-01   0.220000000000E-01   0.220000000000E-01   0.220000000000E-01   0.220000000000E-01   0.220000000000E-01   0.220000000000E-01   0.220000000000E-01   0.220000000000E-01   0.220000000000E-01   0.220000000000E-01
   0.225000000000E-01   0.225000000000E-01   0.225000000000E-01   0.225000000000E-01   0.225000000000E-01   0.225000000000E-01   0.225000000000E-01   0.225000000000E-01   0.225000000000E-01   0.225000000000E-01   0.225000000000E-01
   0.230000000000E-01   0.230000000000E-01   0.230000000000E-01   0.230000000000E-01   0.230000000000E-01   0.230000000000E-01   0.230000000000E-01   0.230000000000E-01   0.230000000000E-01   0.230000000000E-01   0.230000000000E-01
   0.235000000000E-01   0.235000000000E-01   0.235000000000E-01   0.235000000000E-01   0.235000000000E-01   0.235000000000E-01   0.235000000000E-01   0.235000000000E-01   0.235000000000E-01   0.235000000000E-01   0.235000000000E-01
   0.240000000000E-01   0.240000000000E-01   0.240000000000E-01   0.240000000000E-01   0.240000000000E-01   0.240000000000E-01   0.240000000000E-01   0.240000000000E-01   0.240000000000E-01   0.240000000000E-01   0.240000000000E-01
   0.245000000000E-01   0.245000000000E-01   0.245000000000E-01   0.245000000000E-01   0.245000000000E-01   0.245000000000E-01   0.245000000000E-01   0.245000000000E-01   0.245000000000E-01   0.245000000000E-01   0.245000000000E-01
