examples/Mary_reproducing_Gabriele/CATHY_PLANT_1D/preprocessor/dtm_kSs1_sf_1
north:     0
south:           0.00000000
east:      0
west:            0.00000000
rows:     50
cols:     11
   0.313228100538E+00   0.335709571838E+00   0.349601149559E+00   0.359804600477E+00   0.367923676968E+00   0.398107171059E+00   0.367923676968E+00   0.359804600477E+00   0.349601149559E+00   0.335709571838E+00   0.313228100538E+00
   0.312595933676E+00   0.312595933676E+00   0.312595933676E+00   0.312595933676E+00   0.312595933676E+00   0.312595933676E+00   0.312595933676E+00   0.312595933676E+00   0.312595933676E+00   0.312595933676E+00   0.312595933676E+00
   0.311952054501E+00   0.311952054501E+00   0.311952054501E+00   0.311952054501E+00   0.311952054501E+00   0.311952054501E+00   0.311952054501E+00   0.311952054501E+00   0.311952054501E+00   0.311952054501E+00   0.311952054501E+00
   0.311295986176E+00   0.311295986176E+00   0.311295986176E+00   0.311295986176E+00   0.311295986176E+00   0.311295986176E+00   0.311295986176E+00   0.311295986176E+00   0.311295986176E+00   0.311295986176E+00   0.311295986176E+00
   0.310627222061E+00   0.310627222061E+00   0.310627222061E+00   0.310627222061E+00   0.310627222061E+00   0.310627222061E+00   0.310627222061E+00   0.310627222061E+00   0.310627222061E+00   0.310627222061E+00   0.310627222061E+00
   0.309945255518E+00   0.309945255518E+00   0.309945255518E+00   0.309945255518E+00   0.309945255518E+00   0.309945255518E+00   0.309945255518E+00   0.309945255518E+00   0.309945255518E+00   0.309945255518E+00   0.309945255518E+00
   0.309249490499E+00   0.309249490499E+00   0.309249490499E+00   0.309249490499E+00   0.309249490499E+00   0.309249490499E+00   0.309249490499E+00   0.309249490499E+00   0.309249490499E+00   0.309249490499E+00   0.309249490499E+00
   0.308539360762E+00   0.308539360762E+00   0.308539360762E+00   0.308539360762E+00   0.308539360762E+00   0.308539360762E+00   0.308539360762E+00   0.308539360762E+00   0.308539360762E+00   0.308539360762E+00   0.308539360762E+00
   0.307814210653E+00   0.307814210653E+00   0.307814210653E+00   0.307814210653E+00   0.307814210653E+00   0.307814210653E+00   0.307814210653E+00   0.307814210653E+00   0.307814210653E+00   0.307814210653E+00   0.307814210653E+00
   0.307073324919E+00   0.307073324919E+00   0.307073324919E+00   0.307073324919E+00   0.307073324919E+00   0.307073324919E+00   0.307073324919E+00   0.307073324919E+00   0.307073324919E+00   0.307073324919E+00   0.307073324919E+00
   0.306316018105E+00   0.306316018105E+00   0.306316018105E+00   0.306316018105E+00   0.306316018105E+00   0.306316018105E+00   0.306316018105E+00   0.306316018105E+00   0.306316018105E+00   0.306316018105E+00   0.306316018105E+00
   0.305541485548E+00   0.305541485548E+00   0.305541485548E+00   0.305541485548E+00   0.305541485548E+00   0.305541485548E+00   0.305541485548E+00   0.305541485548E+00   0.305541485548E+00   0.305541485548E+00   0.305541485548E+00
   0.304748862982E+00   0.304748862982E+00   0.304748862982E+00   0.304748862982E+00   0.304748862982E+00   0.304748862982E+00   0.304748862982E+00   0.304748862982E+00   0.304748862982E+00   0.304748862982E+00   0.304748862982E+00
   0.303937226534E+00   0.303937226534E+00   0.303937226534E+00   0.303937226534E+00   0.303937226534E+00   0.303937226534E+00   0.303937226534E+00   0.303937226534E+00   0.303937226534E+00   0.303937226534E+00   0.303937226534E+00
   0.303105592728E+00   0.303105592728E+00   0.303105592728E+00   0.303105592728E+00   0.303105592728E+00   0.303105592728E+00   0.303105592728E+00   0.303105592728E+00   0.303105592728E+00   0.303105592728E+00   0.303105592728E+00
   0.302252948284E+00   0.302252948284E+00   0.302252948284E+00   0.302252948284E+00   0.302252948284E+00   0.302252948284E+00   0.302252948284E+00   0.302252948284E+00   0.302252948284E+00   0.302252948284E+00   0.302252948284E+00
   0.301378041506E+00   0.301378041506E+00   0.301378041506E+00   0.301378041506E+00   0.301378041506E+00   0.301378041506E+00   0.301378041506E+00   0.301378041506E+00   0.301378041506E+00   0.301378041506E+00   0.301378041506E+00
   0.300479680300E+00   0.300479680300E+00   0.300479680300E+00   0.300479680300E+00   0.300479680300E+00   0.300479680300E+00   0.300479680300E+00   0.300479680300E+00   0.300479680300E+00   0.300479680300E+00   0.300479680300E+00
   0.299556493759E+00   0.299556493759E+00   0.299556493759E+00   0.299556493759E+00   0.299556493759E+00   0.299556493759E+00   0.299556493759E+00   0.299556493759E+00   0.299556493759E+00   0.299556493759E+00   0.299556493759E+00
   0.298606932163E+00   0.298606932163E+00   0.298606932163E+00   0.298606932163E+00   0.298606932163E+00   0.298606932163E+00   0.298606932163E+00   0.298606932163E+00   0.298606932163E+00   0.298606932163E+00   0.298606932163E+00
   0.297629415989E+00   0.297629415989E+00   0.297629415989E+00   0.297629415989E+00   0.297629415989E+00   0.297629415989E+00   0.297629415989E+00   0.297629415989E+00   0.297629415989E+00   0.297629415989E+00   0.297629415989E+00
   0.296622097492E+00   0.296622097492E+00   0.296622097492E+00   0.296622097492E+00   0.296622097492E+00   0.296622097492E+00   0.296622097492E+00   0.296622097492E+00   0.296622097492E+00   0.296622097492E+00   0.296622097492E+00
   0.295583039522E+00   0.295583039522E+00   0.295583039522E+00   0.295583039522E+00   0.295583039522E+00   0.295583039522E+00   0.295583039522E+00   0.295583039522E+00   0.295583039522E+00   0.295583039522E+00   0.295583039522E+00
   0.294510036707E+00   0.294510036707E+00   0.294510036707E+00   0.294510036707E+00   0.294510036707E+00   0.294510036707E+00   0.294510036707E+00   0.294510036707E+00   0.294510036707E+00   0.294510036707E+00   0.294510036707E+00
   0.293400645256E+00   0.293400645256E+00   0.293400645256E+00   0.293400645256E+00   0.293400645256E+00   0.293400645256E+00   0.293400645256E+00   0.293400645256E+00   0.293400645256E+00   0.293400645256E+00   0.293400645256E+00
   0.292252153158E+00   0.292252153158E+00   0.292252153158E+00   0.292252153158E+00   0.292252153158E+00   0.292252153158E+00   0.292252153158E+00   0.292252153158E+00   0.292252153158E+00   0.292252153158E+00   0.292252153158E+00
   0.291061550379E+00   0.291061550379E+00   0.291061550379E+00   0.291061550379E+00   0.291061550379E+00   0.291061550379E+00   0.291061550379E+00   0.291061550379E+00   0.291061550379E+00   0.291061550379E+00   0.291061550379E+00
   0.289825439453E+00   0.289825439453E+00   0.289825439453E+00   0.289825439453E+00   0.289825439453E+00   0.289825439453E+00   0.289825439453E+00   0.289825439453E+00   0.289825439453E+00   0.289825439453E+00   0.289825439453E+00
   0.288539975882E+00   0.288539975882E+00   0.288539975882E+00   0.288539975882E+00   0.288539975882E+00   0.288539975882E+00   0.288539975882E+00   0.288539975882E+00   0.288539975882E+00   0.288539975882E+00   0.288539975882E+00
   0.287200808525E+00   0.287200808525E+00   0.287200808525E+00   0.287200808525E+00   0.287200808525E+00   0.287200808525E+00   0.287200808525E+00   0.287200808525E+00   0.287200808525E+00   0.287200808525E+00   0.287200808525E+00
   0.285802960396E+00   0.285802960396E+00   0.285802960396E+00   0.285802960396E+00   0.285802960396E+00   0.285802960396E+00   0.285802960396E+00   0.285802960396E+00   0.285802960396E+00   0.285802960396E+00   0.285802960396E+00
   0.284340739250E+00   0.284340739250E+00   0.284340739250E+00   0.284340739250E+00   0.284340739250E+00   0.284340739250E+00   0.284340739250E+00   0.284340739250E+00   0.284340739250E+00   0.284340739250E+00   0.284340739250E+00
   0.282807528973E+00   0.282807528973E+00   0.282807528973E+00   0.282807528973E+00   0.282807528973E+00   0.282807528973E+00   0.282807528973E+00   0.282807528973E+00   0.282807528973E+00   0.282807528973E+00   0.282807528973E+00
   0.281195670366E+00   0.281195670366E+00   0.281195670366E+00   0.281195670366E+00   0.281195670366E+00   0.281195670366E+00   0.281195670366E+00   0.281195670366E+00   0.281195670366E+00   0.281195670366E+00   0.281195670366E+00
   0.279496073723E+00   0.279496073723E+00   0.279496073723E+00   0.279496073723E+00   0.279496073723E+00   0.279496073723E+00   0.279496073723E+00   0.279496073723E+00   0.279496073723E+00   0.279496073723E+00   0.279496073723E+00
   0.277698069811E+00   0.277698069811E+00   0.277698069811E+00   0.277698069811E+00   0.277698069811E+00   0.277698069811E+00   0.277698069811E+00   0.277698069811E+00   0.277698069811E+00   0.277698069811E+00   0.277698069811E+00
   0.275788724422E+00   0.275788724422E+00   0.275788724422E+00   0.275788724422E+00   0.275788724422E+00   0.275788724422E+00   0.275788724422E+00   0.275788724422E+00   0.275788724422E+00   0.275788724422E+00   0.275788724422E+00
   0.273752480745E+00   0.273752480745E+00   0.273752480745E+00   0.273752480745E+00   0.273752480745E+00   0.273752480745E+00   0.273752480745E+00   0.273752480745E+00   0.273752480745E+00   0.273752480745E+00   0.273752480745E+00
   0.271570026875E+00   0.271570026875E+00   0.271570026875E+00   0.271570026875E+00   0.271570026875E+00   0.271570026875E+00   0.271570026875E+00   0.271570026875E+00   0.271570026875E+00   0.271570026875E+00   0.271570026875E+00
   0.269217312336E+00   0.269217312336E+00   0.269217312336E+00   0.269217312336E+00   0.269217312336E+00   0.269217312336E+00   0.269217312336E+00   0.269217312336E+00   0.269217312336E+00   0.269217312336E+00   0.269217312336E+00
   0.266663581133E+00   0.266663581133E+00   0.266663581133E+00   0.266663581133E+00   0.266663581133E+00   0.266663581133E+00   0.266663581133E+00   0.266663581133E+00   0.266663581133E+00   0.266663581133E+00   0.266663581133E+00
   0.263868749142E+00   0.263868749142E+00   0.263868749142E+00   0.263868749142E+00   0.263868749142E+00   0.263868749142E+00   0.263868749142E+00   0.263868749142E+00   0.263868749142E+00   0.263868749142E+00   0.263868749142E+00
   0.260779052973E+00   0.260779052973E+00   0.260779052973E+00   0.260779052973E+00   0.260779052973E+00   0.260779052973E+00   0.260779052973E+00   0.260779052973E+00   0.260779052973E+00   0.260779052973E+00   0.260779052973E+00
   0.257319986820E+00   0.257319986820E+00   0.257319986820E+00   0.257319986820E+00   0.257319986820E+00   0.257319986820E+00   0.257319986820E+00   0.257319986820E+00   0.257319986820E+00   0.257319986820E+00   0.257319986820E+00
   0.253383785486E+00   0.253383785486E+00   0.253383785486E+00   0.253383785486E+00   0.253383785486E+00   0.253383785486E+00   0.253383785486E+00   0.253383785486E+00   0.253383785486E+00   0.253383785486E+00   0.253383785486E+00
   0.248805925250E+00   0.248805925250E+00   0.248805925250E+00   0.248805925250E+00   0.248805925250E+00   0.248805925250E+00   0.248805925250E+00   0.248805925250E+00   0.248805925250E+00   0.248805925250E+00   0.248805925250E+00
   0.243315458298E+00   0.243315458298E+00   0.243315458298E+00   0.243315458298E+00   0.243315458298E+00   0.243315458298E+00   0.243315458298E+00   0.243315458298E+00   0.243315458298E+00   0.243315458298E+00   0.243315458298E+00
   0.236415445805E+00   0.236415445805E+00   0.236415445805E+00   0.236415445805E+00   0.236415445805E+00   0.236415445805E+00   0.236415445805E+00   0.236415445805E+00   0.236415445805E+00   0.236415445805E+00   0.236415445805E+00
   0.227021351457E+00   0.227021351457E+00   0.227021351457E+00   0.227021351457E+00   0.227021351457E+00   0.227021351457E+00   0.227021351457E+00   0.227021351457E+00   0.227021351457E+00   0.227021351457E+00   0.227021351457E+00
   0.211818411946E+00   0.211818411946E+00   0.211818411946E+00   0.211818411946E+00   0.211818411946E+00   0.211818411946E+00   0.211818411946E+00   0.211818411946E+00   0.211818411946E+00   0.211818411946E+00   0.211818411946E+00
